1786845766
1786846342
1786847542
1786848743
1786849347
1786851143
1786852346
1786853543
1786854743
1786855943
1786857143
1786858342
1786859542
1786860751
1786861945
1786863142
1786864343
1786865543
1786866742
1786867944
1786869144
1786870350
1786871551
1786872753
1786874544
1786875743
1786876943
1786878143
1786879943
1786881753
1786882945
1786884152
1786885343
1786886555
1786887753
1786888943
1786890145
1786891343
1786892553
1786893748
1786894946
1786896145
1786896331
1786896742
1786896755
1786897345
1786897388
1786897971
1786898542
1786898559
1786899142
1786899152
1786899743
1786899788
1786900673
1786900942
1786900953
1786901569
1786906386
1786927987
1786949600
1786971201
1786992803
1787014400
